0
   0.00000      0.00000      -0.00000	  -0.00001     -0.00002       0.00000
  -0.00000     -0.00000       1.18588	   0.00000      0.00002       0.00000
   0.00000      0.00000      -1.18590	   0.00001      0.00002       0.00000
1
   0.01000      0.00000      -0.00001	  -0.12514     -0.00000       0.00000
  -0.00002     -0.00001       1.18577	   0.06204     -0.00001      -0.00284
   0.00002      0.00001      -1.18579	   0.06204      0.00002       0.00282
2
   0.00000      0.01000      -0.00001	  -0.00000     -0.12514      -0.00001
  -0.00002     -0.00001       1.18577	  -0.00001      0.06205      -0.00284
   0.00002      0.00001      -1.18579	   0.00002      0.06205       0.00282
3
   0.00000      0.00000       0.00999	   0.00002      0.00001      -1.67520
  -0.00002     -0.00001       1.18577	  -0.00002     -0.00002       0.88213
   0.00002      0.00001      -1.18579	   0.00001      0.00002       0.79402
4
   0.00000      0.00000      -0.00001	   0.06205     -0.00000       0.00331
   0.00998     -0.00001       1.18577	  -0.03072     -0.00002      -0.00305
   0.00002      0.00001      -1.18579	  -0.03107      0.00003       0.00007
5
   0.00000      0.00000      -0.00001	  -0.00000      0.06205       0.00339
  -0.00002      0.00999       1.18577	  -0.00001     -0.03072      -0.00311
   0.00002      0.00001      -1.18579	   0.00002     -0.03106       0.00006
6
   0.00000      0.00000      -0.00001	  -0.00002     -0.00001       0.79420
  -0.00002     -0.00001       1.19577	   0.00000     -0.00001      -0.83894
   0.00002      0.00001      -1.18579	   0.00002      0.00002       0.05272
7
   0.00000      0.00000      -0.00001	   0.06205     -0.00000      -0.00206
  -0.00002     -0.00001       1.18577	  -0.03106     -0.00002      -0.00064
   0.01001      0.00001      -1.18579	  -0.03073      0.00003       0.00244
8
   0.00000      0.00000      -0.00001	  -0.00001      0.06205      -0.00328
  -0.00002     -0.00001       1.18577	  -0.00001     -0.03106      -0.00009
   0.00002      0.01001      -1.18579	   0.00002     -0.03073       0.00311
9
   0.00000      0.00000      -0.00001	  -0.00002     -0.00001       0.88223
  -0.00002     -0.00001       1.18577	  -0.00001     -0.00002       0.05408
   0.00002      0.00001      -1.17579	   0.00003      0.00003      -0.93557
