0
   0.00000      0.00000      -0.00000	  -0.00001     -0.00002       0.00000
  -0.00000     -0.00000       1.18588	   0.00000      0.00002       0.00000
   0.00000      0.00000      -1.18590	   0.00001      0.00002       0.00000
1
  -0.01000      0.00000      -0.00001	   0.12512     -0.00000      -0.00006
  -0.00002     -0.00001       1.18577	  -0.06203     -0.00002      -0.00281
   0.00002      0.00001      -1.18579	  -0.06204      0.00002       0.00285
2
   0.00000     -0.01000      -0.00001	  -0.00000      0.12512      -0.00006
  -0.00002     -0.00001       1.18577	  -0.00001     -0.06203      -0.00281
   0.00002      0.00001      -1.18579	   0.00002     -0.06204       0.00285
3
   0.00000      0.00000      -0.01001	  -0.00003     -0.00002       1.67514
  -0.00002     -0.00001       1.18577	  -0.00000     -0.00001      -0.79401
   0.00002      0.00001      -1.18579	   0.00003      0.00003      -0.88213
4
   0.00000      0.00000      -0.00001	  -0.06207     -0.00000       0.00333
  -0.01002     -0.00001       1.18577	   0.03073     -0.00003      -0.00309
   0.00002      0.00001      -1.18579	   0.03105      0.00002       0.00008
5
   0.00000      0.00000      -0.00001	  -0.00000     -0.06207       0.00210
  -0.00002     -0.01001       1.18577	  -0.00002      0.03072      -0.00242
   0.00002      0.00001      -1.18579	   0.00002      0.03106       0.00065
6
   0.00000      0.00000      -0.00001	   0.00001      0.00001      -0.88207
  -0.00002     -0.00001       1.17577	  -0.00002     -0.00002       0.93558
   0.00002      0.00001      -1.18579	   0.00002      0.00002      -0.05419
7
   0.00000      0.00000      -0.00001	  -0.06207     -0.00000      -0.00323
  -0.00002     -0.00001       1.18577	   0.03108     -0.00002      -0.00010
  -0.00999      0.00001      -1.18579	   0.03087      0.00002       0.00285
8
   0.00000      0.00000      -0.00001	  -0.00001     -0.06206      -0.00205
  -0.00002     -0.00001       1.18577	  -0.00001      0.03106      -0.00064
   0.00002     -0.00999      -1.18579	   0.00002      0.03079       0.00231
9
   0.00000      0.00000      -0.00001	   0.00001      0.00001      -0.79413
  -0.00002     -0.00001       1.18577	  -0.00001     -0.00002      -0.05274
   0.00002      0.00001      -1.19579	   0.00001      0.00001       0.83896
