1 3.701 0.397 23.8 3.56 7.26
2 4.371 0.0045 9.57 4.13 8.5
3 4.464 0.0494 4.25 3.11 7.57
4 4.427 1.51 13.1 4.06 8.48
5 4.527 0.0178 6.6 2.96 7.49
6 4.565 0.726 14.8 3.07 7.63
7 4.623 0.0115 14.6 3.41 8.03
8 4.966 0.00389 8.53 2.83 7.79
9 4.876 0.00179 17.7 3.26 8.14
10 5.21 0.014 2 3.11 8.32
11 5.248 0.0601 1.65 2.81 8.06
12 5.267 0.0311 2.86 2.76 8.02
13 5.332 0.0182 3.28 2.84 8.17
14 5.39 0.405 3.98 3.17 8.56
15 5.491 0.00555 8.9 2.92 8.41
16 5.345 0.00472 16.9 2.73 8.07
17 5.351 0.0134 17.6 3.23 8.58
18 5.58 0.0113 7.16 2.73 8.31
19 5.597 0.00634 6.23 2.97 8.57
20 5.582 0.00667 8.95 3.22 8.8
21 5.683 0.0185 4.53 3.44 9.12
22 5.678 0.0223 7.51 4.74 10.4
23 5.769 0.0146 3.95 3.37 9.14
24 5.76 0.00312 8.33 3.13 8.89
25 5.78 0.0128 10.1 3.64 9.42
26 5.84 0.0639 5.14 3.23 9.07
27 5.874 0.0639 2.89 3.24 9.12
28 5.932 0.00493 4.23 3.21 9.14
29 5.988 0.018 3.86 3.52 9.51
30 6.03 0.000995 11.6 3.57 9.6
31 6.031 0.0481 3.13 3.53 9.56
32 5.993 0.0177 4.9 3.18 9.17
33 6.039 0.00803 1.32 3.37 9.41
34 6.073 0.0342 3.46 3.03 9.1
35 6.09 0.0438 0.944 3.77 9.86
36 6.115 0.038 2.57 3.26 9.38
37 6.143 0.0294 1.11 3.12 9.27
38 6.195 0.0639 3.42 3.66 9.85
39 6.206 0.0628 3 4.25 10.5
40 6.258 0.0385 2.16 3.27 9.53
41 6.274 0.0197 1.87 3.14 9.41
42 6.288 0.00863 1.11 3.27 9.56
43 6.285 0.031 0.845 3.37 9.65
44 6.329 0.0335 1.94 3.65 9.98
45 6.335 0.00356 1.07 3.52 9.86
46 6.359 0.00181 13.1 4.89 11.3
47 6.328 0.0301 4.62 3.64 9.96
48 6.337 0.00214 6.58 3.47 9.8
49 6.442 0.00908 1.78 3.55 9.99
50 6.444 0.008 2.67 4.74 11.2
51 6.476 0.00579 2.68 3.56 10
